8 24 4
none elu elu
0.027605922946964772 0.08091527636102375 -0.03851994002421869 0.05250861366799945 0.08570865378298305 0.21942621362243891 -0.027690180243309583 0.1807364409454689 0.11218235107215765 0.230308548298459 -0.14103269911387092 0.021072193237865685 -0.11484126124149528 0.1118654558792703 -0.047297463361774025 -0.1541749661790467 -0.027505536594387467 0.10126307055095941 0.24633740441818774 0.36740269784313 -0.1294298578367248 -0.03551889266290129 -0.07897011034192926 -0.01559467239227419
1.0197839595127334 0.010298945399934485 -0.14846472720651277 -0.06489676081693369 -0.1713658885023103 -0.055888227470691346 0.3302225097978821 -1.027618877529485 1.135201294980342 -0.1307978643679192 0.29203832857701006 0.31478664847528753 -0.39649046178297465 -0.15964796915356788 -0.09285001326081065 0.4554648791624344 0.3456790484913677 -0.12483300922092441 -0.7554188530398277 0.16800061584399073 0.8820802459981679 -0.3766886552544474 0.36365646559674764 0.07823513312245708
-0.22067938863009162 -0.11479715926679025 0.30092505324336744 0.23039160622930985 0.6369305299146527 -0.6614521056519053 -0.005380659999591773 0.3731954596260597 -0.6703085880326423 0.09108499450516325 -0.05002124487748004 -0.2368511834289206 -0.4853420872985236 0.13465245087812108 -0.1444980896058634 0.0982189633051335 -0.2005622250955805 0.27829875524052355 -0.5934831763270972 0.4928838886694307 -0.0002517973033881876 0.07754173965307562 -0.48823126701711717 -0.03785414659437611
-0.4649778303202501 0.5123706715962457 0.5675123321194127 0.1547068374492149 0.2592039285946147 -0.43384111742470327 -0.24459487234349908 -0.13006827625852851 -0.6600834414290485 0.08555065037274218 -0.007565411800889035 -0.719851967532883 -0.3513646660633599 0.19523155564460182 -0.30586077824849406 0.19241615533102605 0.6122171105335548 -0.758720785097831 0.0754565563973405 -0.32362666669311146 -0.25154252911349917 -0.6910605436025418 -0.05405340292273195 -0.5174622810946257
-0.13566291786100027 -0.22033359878294637 0.27944943769081865 0.2316808387713742 -0.8505669507662544 0.6186690604831883 -0.17546776513188925 0.2934027189105224 -0.5456535212366505 0.30171347972204315 -0.23325622133836424 0.4734732711205799 0.48317769801323573 -0.03288117191897961 0.11137424063897154 -0.16729970327040106 0.15818314527306251 -0.42724455867013444 0.3505201666921365 0.3242288436749235 0.5408134302295802 -0.20704743853656163 -0.5216965769038283 0.6048400436143472
0.34408505098071457 0.2697592317779402 0.6732986541660363 0.3331734683159923 0.07266889104039123 0.9336141810358721 0.24047017911216254 -0.3058802318732032 0.1230945315906333 0.04101543192693391 -0.09810350528439404 0.01857488720825124 0.2740117086669923 -0.49424783424592905 -0.07640088515744099 -0.07460019196455804 0.15101655965961128 -0.25551446076172907 0.061831768638722764 0.42810270802087624 -0.4305555221777969 -0.1552764706445961 0.3415758382316694 -0.06848258469574496
0.4577559740939263 -0.3313937664792232 -0.17939487808545887 0.26547573314987505 -0.017800863789118368 -0.3891697460259785 -0.4852119744028972 -0.3225858797786828 -0.6066949368470386 0.1445560550452154 -0.11599507992830665 0.32819030712419756 -0.00334589443778968 0.13203418403495493 0.39894091336509147 0.15873376982139342 -0.09876074611427862 0.25590184910768715 0.3115132875363762 0.05381695376716446 -0.2334595711995473 0.2874271969031802 -0.5156494109818388 0.31552679376821213
-0.23192322884847766 -0.09530839245068427 -0.22500403132069235 -0.18740193081702236 0.41647242768053283 -0.16772107314195236 -0.2794215108752316 0.3872164121607198 -0.9938999265765928 0.1243689488664757 -0.12843605694431287 0.0009378225653226997 -0.155354688721911 -0.35403509845607517 0.09655198319160099 0.13851860835993357 -0.2489082907307391 -0.01810613002041278 0.47625858438589075 -0.11939017146105024 0.16249851838791865 0.16807582607780897 -0.5665475973607605 -0.2512213730557203
-0.22451883216671006 0.18925129855301562 0.010114993838200154 -0.10390916207672074 0.5444540743919126 0.4325511864766421 0.2057594465990516 0.46790809647917897 0.18910440502413928 -0.20595521820203389 0.139734492284796 0.0904447186000918 -0.3705679580723979 0.12228705954705282 0.49066292385054605 -0.262771896337482 -0.2955151604988655 0.047301548255598985 0.7620995859291466 -0.15586640312252545 -0.13316661068660893 0.42693504259788284 0.33406626235577475 -0.34502924862954804
-0.14466290912183624 0.18061309675548226 -0.18821023973750833 0.09216352196330677
-0.1475662587145293 -0.1719312957563754 0.017675780536715206 0.38346177848017626
0.21068619522198578 -0.2107716640144003 -0.035479796832740926 0.00798843066840001
0.2177127413385137 0.026083762755487405 -0.12635178309996334 -0.20139744030750883
0.007838138385013302 -0.1273292797013874 -0.06328577918677013 -0.09398107241175066
-0.44925357519152614 -0.07147898571216486 -0.02385594386376456 0.4762529155762871
-0.040151769222182776 0.1947446476809215 0.07671755463086721 -0.31142489781102245
-0.30220250189284326 0.055730791735924615 0.23221911431265518 -0.03838265368255633
0.5523601607662896 -0.2728229921714928 -0.28217363456699596 0.005750869814962974
-0.20400052412664224 -0.03332502440892875 0.09632184864744947 0.0828184789730676
-0.11332774545676066 -0.2452322495696641 -0.37490830494927485 -0.15643470829366582
-0.22823736732620686 0.09575216561708572 -0.037086788932566644 -0.17578455958190822
0.27008990830461443 0.3051469464320614 0.09732900075250857 0.27630788643016535
-0.21819882995951656 -0.2936771108764417 0.21288714266567887 -0.019868941127237087
0.4250545169783541 0.15874711864773355 -0.31379997207430294 -0.18237097024152052
0.14171741045748787 -0.05667778696349321 0.2569275764794098 -0.17461318666425923
-0.4086888580808918 0.21791127326630522 -0.10846905165584128 -0.02967961755210303
-0.025194432518727036 0.002200108084982555 -0.09040343556753357 0.160772075080319
0.04939269117424078 -0.12821527611418249 0.6011964132455249 -0.3442907910270383
0.11630868225286883 0.0729657943818391 -0.419296890647458 0.05852897407555224
0.13897553246671548 -0.18301975486251795 0.1458368498760558 -0.2020648836631826
-0.2771452005343129 0.015594357407656016 0.2608143050428927 -0.2946236307839992
0.23391550314712314 0.0839070654940859 -0.0026873873335974455 0.05116529619029478
0.2575487378243489 0.17488231750591532 0.34245436917838434 0.298631521203623
-0.12497697304955824 -0.19400036096721313 0.1737414193855727 -0.13151459637068277
